Id	Fischerella_major_NIES_592	Fischerella_musicola_CCMEE5323	Fischerella_musicola_PCC7414	Fischerella_musicola_SAG1427_1_PCC73103	Fischerella_sp_NIES_3754	Fischerella_sp_NIES_4106	Fischerella_sp_PCC9339	Fischerella_sp_PCC9431	Fischerella_sp_PCC9605	Fischerella_thermalis_111_344_542	Fischerella_thermalis_BR2B	Fischerella_thermalis_CCMEE5194	Fischerella_thermalis_CCMEE5196	Fischerella_thermalis_CCMEE5198	Fischerella_thermalis_CCMEE5201	Fischerella_thermalis_CCMEE5205	Fischerella_thermalis_CCMEE5208	Fischerella_thermalis_CCMEE5268	Fischerella_thermalis_CCMEE5273	Fischerella_thermalis_CCMEE5282	Fischerella_thermalis_CCMEE5318	Fischerella_thermalis_CCMEE5328	Fischerella_thermalis_CCMEE5330	Fischerella_thermalis_JSC_11	Fischerella_thermalis_PCC7521	Fischerella_thermalis_WC1110	Fischerella_thermalis_WC114	Fischerella_thermalis_WC119	Fischerella_thermalis_WC157	Fischerella_thermalis_WC213	Fischerella_thermalis_WC245	Fischerella_thermalis_WC246	Fischerella_thermalis_WC249	Fischerella_thermalis_WC341	Fischerella_thermalis_WC344	Fischerella_thermalis_WC439	Fischerella_thermalis_WC441	Fischerella_thermalis_WC442	Fischerella_thermalis_WC527	Fischerella_thermalis_WC538	Fischerella_thermalis_WC542	Fischerella_thermalis_WC558	Fischerella_thermalis_WC559	Hapalosiphon_sp_MRB220	Mastigocladus_laminosus_UU774
Fischerella_major_NIES_592	100	94.84	94.99	88.19	99.3	87.53	87.43	87.36	82.87	97.85	98.01	97.7	97.83	97.82	96.96	97.25	97.95	97.09	97.7	97.86	96.86	98.03	99.36	97.96	97.94	97.93	97.96	97.94	97.94	97.94	97.94	97.91	97.94	97.95	97.94	97.98	97.88	97.97	97.95	97.92	97.94	97.94	97.99	87.29	87.56
Fischerella_musicola_CCMEE5323	94.84	100	99.76	88.31	94.84	87.98	87.66	87.59	82.94	94.55	94.77	94.73	94.93	94.78	94.85	94.66	94.68	94.46	94.54	94.69	94.47	95.06	94.81	94.69	94.63	94.73	94.71	94.67	94.72	94.6	94.65	94.7	94.76	94.7	94.7	94.7	94.68	94.69	94.71	94.74	94.56	94.7	94.67	87.6	87.79
Fischerella_musicola_PCC7414	94.99	99.76	100	88.18	94.78	87.76	87.55	87.36	82.9	94.68	94.87	94.85	94.83	94.85	94.86	94.58	94.81	94.55	94.46	94.84	94.46	95.06	94.86	94.81	94.74	94.88	94.82	94.78	94.8	94.71	94.75	94.81	94.86	94.86	94.85	94.83	94.77	94.81	94.85	94.89	94.67	94.83	94.82	87.52	87.72
Fischerella_musicola_SAG1427_1_PCC73103	88.19	88.31	88.18	100	88.1	91.97	92.56	92.24	81.57	88.2	88.49	88.44	88.78	88.67	88.05	88.11	88.42	88.29	88.14	88.34	88.1	88.83	88.13	88.37	88.36	88.32	88.34	88.38	88.33	88.37	88.37	88.4	88.34	88.34	88.28	88.41	88.21	88.46	88.32	88.29	88.35	88.41	88.55	92.16	92.82
Fischerella_sp_NIES-3754	99.3	94.84	94.78	88.1	100	87.43	87.77	87.12	82.91	97.78	97.96	97.68	97.74	97.78	96.96	96.72	97.95	97.06	97.12	97.88	96.73	97.95	99.36	97.26	97.93	97.87	97.91	97.89	97.88	97.88	97.88	97.88	97.9	97.89	97.82	97.91	97.83	97.9	97.87	97.84	97.85	97.88	97.9	87.5	87.55
Fischerella_sp_NIES-4106	87.53	87.98	87.76	91.97	87.43	100	91.16	91.62	80.91	87.44	87.77	87.94	88.07	87.86	87.49	87.3	87.72	87.52	87.31	87.76	87.08	88.34	87.59	87.49	87.69	87.7	87.77	87.67	87.66	87.68	87.67	87.66	87.74	87.76	87.67	87.66	87.56	87.76	87.72	87.68	87.75	87.69	87.93	91.58	91.21
Fischerella_sp_PCC9339	87.43	87.66	87.55	92.56	87.77	91.16	100	90.84	80.94	87.53	87.75	87.73	88.33	87.81	87.07	87.04	87.71	87.41	86.94	87.71	87.16	88.23	87.67	87.04	87.63	87.74	87.7	87.56	87.62	87.7	87.61	87.63	87.67	87.77	87.72	87.63	87.64	87.74	87.74	87.71	87.71	87.66	87.82	91.07	98.35
Fischerella_sp_PCC9431	87.36	87.59	87.36	92.24	87.12	91.62	90.84	100	80.61	87.44	87.78	87.74	87.82	87.9	87.35	87.07	87.61	87.44	87.07	87.66	87.21	88.22	87.43	87.68	87.59	87.51	87.73	87.71	87.7	87.67	87.7	87.68	87.67	87.66	87.45	87.7	87.47	87.71	87.53	87.49	87.83	87.74	87.96	97.24	91.5
Fischerella_sp_PCC9605	82.87	82.94	82.9	81.57	82.91	80.91	80.94	80.61	100	83.05	83.27	83.22	83.8	83.65	82.92	82.81	83.19	83.02	82.85	83.18	82.84	83.93	82.89	83.14	83.17	83.19	83.15	83.16	83.13	83.26	83.18	83.13	83.17	83.29	83.16	83.3	83.03	83.39	83.17	83.15	83.36	83.36	83.55	80.79	81.2
Fischerella_thermalis_111_344_542	97.85	94.55	94.68	88.2	97.78	87.44	87.53	87.44	83.05	100	99.62	98.7	97.93	97.96	97	97.61	99.6	97.57	99.08	99.45	97.38	99.31	97.86	99.6	99.6	99.71	99.72	99.74	99.71	99.67	99.76	99.72	99.77	99.7	99.74	99.69	99.65	99.62	99.7	99.69	99.7	99.7	99.7	87.53	87.7
Fischerella_thermalis_BR2B	98.01	94.77	94.87	88.49	97.96	87.77	87.75	87.78	83.27	99.62	100	98.96	98.02	98.11	97.19	97.87	99.82	97.71	99.45	99.7	97.5	99.6	98.03	99.81	99.85	99.72	99.77	99.77	99.77	99.67	99.77	99.74	99.79	99.73	99.69	99.71	99.68	99.71	99.72	99.72	99.67	99.71	99.72	87.67	87.94
Fischerella_thermalis_CCMEE5194	97.7	94.73	94.85	88.44	97.68	87.94	87.73	87.74	83.22	98.7	98.96	100	97.87	97.85	96.81	97.45	98.98	97.38	98.76	98.97	97.31	98.91	97.76	98.96	98.96	98.79	98.86	98.84	98.86	98.82	98.9	98.84	98.84	98.86	98.75	98.78	98.73	98.79	98.79	98.79	98.72	98.81	98.84	87.7	87.9
Fischerella_thermalis_CCMEE5196	97.83	94.93	94.83	88.78	97.74	88.07	88.33	87.82	83.8	97.93	98.02	97.87	100	99.89	98.01	96.78	98.03	97.09	97.34	97.94	97.13	97.8	97.79	97.59	98.01	98.05	98.09	98.04	98.08	97.85	98.07	98.05	98.02	98	97.99	98	97.88	97.89	98.04	98.04	97.73	98.01	97.96	88.18	88.31
Fischerella_thermalis_CCMEE5198	97.82	94.78	94.85	88.67	97.78	87.86	87.81	87.9	83.65	97.96	98.11	97.85	99.89	100	98.07	97.25	98.11	97	97.89	97.96	97.02	98.03	97.77	97.69	98.11	98.03	98.06	98.03	98.05	97.99	98.03	98.04	98.06	98.08	98.02	98.02	97.94	98	98.02	98.01	97.95	98.06	98.07	87.87	87.99
Fischerella_thermalis_CCMEE5201	96.96	94.85	94.86	88.05	96.96	87.49	87.07	87.35	82.92	97	97.19	96.81	98.01	98.07	100	96.74	97.1	96.81	96.85	97.11	96.82	97.2	96.94	97.09	97.11	97.05	97.16	97.2	97.14	97.2	97.16	97.11	97.17	97.16	97.07	97.19	96.99	97.19	97.05	97.01	97.14	97.21	97.2	87.28	87.45
Fischerella_thermalis_CCMEE5205	97.25	94.66	94.58	88.11	96.72	87.3	87.04	87.07	82.81	97.61	97.87	97.45	96.78	97.25	96.74	100	97.87	97.91	97.86	97.77	98.55	98.07	97.18	97.85	97.87	97.71	97.87	97.88	97.88	97.89	97.91	97.9	97.9	97.85	97.69	97.86	97.61	97.87	97.7	97.7	97.81	97.85	97.92	86.98	87.49
Fischerella_thermalis_CCMEE5208	97.95	94.68	94.81	88.42	97.95	87.72	87.71	87.61	83.19	99.6	99.82	98.98	98.03	98.11	97.1	97.87	100	97.67	99.54	99.7	97.45	99.64	98.01	99.83	99.81	99.71	99.76	99.73	99.75	99.67	99.72	99.72	99.76	99.71	99.69	99.69	99.65	99.69	99.71	99.71	99.68	99.68	99.71	87.52	87.91
Fischerella_thermalis_CCMEE5268	97.09	94.46	94.55	88.29	97.06	87.52	87.41	87.44	83.02	97.57	97.71	97.38	97.09	97	96.81	97.91	97.67	100	97.61	97.64	97.72	97.74	97.15	97.65	97.66	97.67	97.71	97.65	97.69	97.66	97.68	97.66	97.7	97.71	97.66	97.69	97.61	97.64	97.69	97.66	97.63	97.68	97.68	87.34	87.64
Fischerella_thermalis_CCMEE5273	97.7	94.54	94.46	88.14	97.12	87.31	86.94	87.07	82.85	99.08	99.45	98.76	97.34	97.89	96.85	97.86	99.54	97.61	100	99.34	97.16	99.21	97.69	99.43	99.49	99.15	99.44	99.4	99.43	99.24	99.4	99.37	99.42	99.33	99.14	99.31	99.02	99.24	99.15	99.14	99.33	99.31	99.34	86.86	87.61
Fischerella_thermalis_CCMEE5282	97.86	94.69	94.84	88.34	97.88	87.76	87.71	87.66	83.18	99.45	99.7	98.97	97.94	97.96	97.11	97.77	99.7	97.64	99.34	100	97.4	99.51	97.93	99.67	99.67	99.55	99.6	99.59	99.59	99.48	99.59	99.56	99.61	99.55	99.5	99.54	99.47	99.55	99.54	99.56	99.52	99.52	99.55	87.68	87.85
Fischerella_thermalis_CCMEE5318	96.86	94.47	94.46	88.1	96.73	87.08	87.16	87.21	82.84	97.38	97.5	97.31	97.13	97.02	96.82	98.55	97.45	97.72	97.16	97.4	100	97.57	96.82	97.39	97.46	97.42	97.56	97.52	97.51	97.46	97.55	97.53	97.54	97.47	97.42	97.56	97.34	97.46	97.42	97.43	97.47	97.54	97.58	87.18	87.36
Fischerella_thermalis_CCMEE5328	98.03	95.06	95.06	88.83	97.95	88.34	88.23	88.22	83.93	99.31	99.6	98.91	97.8	98.03	97.2	98.07	99.64	97.74	99.21	99.51	97.57	100	98.04	99.56	99.63	99.47	99.54	99.49	99.53	99.26	99.52	99.45	99.5	99.44	99.41	99.4	99.28	99.29	99.45	99.43	99.28	99.37	99.38	88.18	88.39
Fischerella_thermalis_CCMEE5330	99.36	94.81	94.86	88.13	99.36	87.59	87.67	87.43	82.89	97.86	98.03	97.76	97.79	97.77	96.94	97.18	98.01	97.15	97.69	97.93	96.82	98.04	100	97.32	97.97	97.93	97.97	97.96	97.94	97.89	97.94	97.92	97.95	97.95	97.91	97.94	97.87	97.95	97.95	97.92	97.84	97.91	97.98	87.42	87.65
Fischerella_thermalis_JSC_11	97.96	94.69	94.81	88.37	97.26	87.49	87.04	87.68	83.14	99.6	99.81	98.96	97.59	97.69	97.09	97.85	99.83	97.65	99.43	99.67	97.39	99.56	97.32	100	99.84	99.35	99.37	99.71	99.73	99.68	99.74	99.71	99.37	99.68	99.68	99.65	99.27	99.67	99.34	99.68	99.68	99.65	99.7	87.48	87.68
Fischerella_thermalis_PCC7521	97.94	94.63	94.74	88.36	97.93	87.69	87.63	87.59	83.17	99.6	99.85	98.96	98.01	98.11	97.11	97.87	99.81	97.66	99.49	99.67	97.46	99.63	97.97	99.84	100	99.72	99.72	99.71	99.72	99.68	99.74	99.74	99.74	99.72	99.7	99.67	99.67	99.65	99.72	99.73	99.69	99.65	99.72	87.49	87.83
Fischerella_thermalis_WC1110	97.93	94.73	94.88	88.32	97.87	87.7	87.74	87.51	83.19	99.71	99.72	98.79	98.05	98.03	97.05	97.71	99.71	97.67	99.15	99.55	97.42	99.47	97.93	99.35	99.72	100	99.8	99.8	99.79	99.71	99.83	99.81	99.8	99.78	99.89	99.76	99.88	99.72	99.98	99.98	99.75	99.75	99.78	87.75	87.92
Fischerella_thermalis_WC114	97.96	94.71	94.82	88.34	97.91	87.77	87.7	87.73	83.15	99.72	99.77	98.86	98.09	98.06	97.16	97.87	99.76	97.71	99.44	99.6	97.56	99.54	97.97	99.37	99.72	99.8	100	99.9	99.99	99.75	99.88	99.88	99.92	99.8	99.8	99.77	99.79	99.78	99.8	99.8	99.71	99.76	99.76	87.65	87.92
Fischerella_thermalis_WC119	97.94	94.67	94.78	88.38	97.89	87.67	87.56	87.71	83.16	99.74	99.77	98.84	98.04	98.03	97.2	97.88	99.73	97.65	99.4	99.59	97.52	99.49	97.96	99.71	99.71	99.8	99.9	100	99.89	99.76	99.94	99.88	99.9	99.82	99.8	99.78	99.78	99.76	99.8	99.81	99.72	99.76	99.77	87.65	87.82
Fischerella_thermalis_WC157	97.94	94.72	94.8	88.33	97.88	87.66	87.62	87.7	83.13	99.71	99.77	98.86	98.08	98.05	97.14	97.88	99.75	97.69	99.43	99.59	97.51	99.53	97.94	99.73	99.72	99.79	99.99	99.89	100	99.77	99.88	99.88	99.91	99.81	99.78	99.77	99.77	99.77	99.79	99.79	99.71	99.76	99.76	87.61	87.87
Fischerella_thermalis_WC213	97.94	94.6	94.71	88.37	97.88	87.68	87.7	87.67	83.26	99.67	99.67	98.82	97.85	97.99	97.2	97.89	99.67	97.66	99.24	99.48	97.46	99.26	97.89	99.68	99.68	99.71	99.75	99.76	99.77	100	99.78	99.75	99.77	99.84	99.72	99.88	99.6	99.91	99.71	99.7	99.76	99.85	99.86	87.66	87.9
Fischerella_thermalis_WC245	97.94	94.65	94.75	88.37	97.88	87.67	87.61	87.7	83.18	99.76	99.77	98.9	98.07	98.03	97.16	97.91	99.72	97.68	99.4	99.59	97.55	99.52	97.94	99.74	99.74	99.83	99.88	99.94	99.88	99.78	100	99.91	99.89	99.83	99.83	99.78	99.82	99.75	99.82	99.83	99.74	99.76	99.8	87.64	87.91
Fischerella_thermalis_WC246	97.91	94.7	94.81	88.4	97.88	87.66	87.63	87.68	83.13	99.72	99.74	98.84	98.05	98.04	97.11	97.9	99.72	97.66	99.37	99.56	97.53	99.45	97.92	99.71	99.74	99.81	99.88	99.88	99.88	99.75	99.91	100	99.89	99.81	99.8	99.75	99.8	99.77	99.82	99.82	99.72	99.74	99.79	87.58	87.89
Fischerella_thermalis_WC249	97.94	94.76	94.86	88.34	97.9	87.74	87.67	87.67	83.17	99.77	99.79	98.84	98.02	98.06	97.17	97.9	99.76	97.7	99.42	99.61	97.54	99.5	97.95	99.37	99.74	99.8	99.92	99.9	99.91	99.77	99.89	99.89	100	99.82	99.8	99.79	99.74	99.76	99.8	99.8	99.72	99.78	99.77	87.63	87.96
Fischerella_thermalis_WC341	97.95	94.7	94.86	88.34	97.89	87.76	87.77	87.66	83.29	99.7	99.73	98.86	98	98.08	97.16	97.85	99.71	97.71	99.33	99.55	97.47	99.44	97.95	99.68	99.72	99.78	99.8	99.82	99.81	99.84	99.83	99.81	99.82	100	99.78	99.82	99.77	99.81	99.77	99.78	99.79	99.81	99.84	87.71	87.96
Fischerella_thermalis_WC344	97.94	94.7	94.85	88.28	97.82	87.67	87.72	87.45	83.16	99.74	99.69	98.75	97.99	98.02	97.07	97.69	99.69	97.66	99.14	99.5	97.42	99.41	97.91	99.68	99.7	99.89	99.8	99.8	99.78	99.72	99.83	99.8	99.8	99.78	100	99.74	99.87	99.71	99.9	99.9	99.73	99.72	99.77	87.64	87.89
Fischerella_thermalis_WC439	97.98	94.7	94.83	88.41	97.91	87.66	87.63	87.7	83.3	99.69	99.71	98.78	98	98.02	97.19	97.86	99.69	97.69	99.31	99.54	97.56	99.4	97.94	99.65	99.67	99.76	99.77	99.78	99.77	99.88	99.78	99.75	99.79	99.82	99.74	100	99.74	99.93	99.75	99.75	99.84	99.98	99.87	87.75	87.81
Fischerella_thermalis_WC441	97.88	94.68	94.77	88.21	97.83	87.56	87.64	87.47	83.03	99.65	99.68	98.73	97.88	97.94	96.99	97.61	99.65	97.61	99.02	99.47	97.34	99.28	97.87	99.27	99.67	99.88	99.79	99.78	99.77	99.6	99.82	99.8	99.74	99.77	99.87	99.74	100	99.64	99.89	99.89	99.62	99.71	99.72	87.62	87.8
Fischerella_thermalis_WC442	97.97	94.69	94.81	88.46	97.9	87.76	87.74	87.71	83.39	99.62	99.71	98.79	97.89	98	97.19	97.87	99.69	97.64	99.24	99.55	97.46	99.29	97.95	99.67	99.65	99.72	99.78	99.76	99.77	99.91	99.75	99.77	99.76	99.81	99.71	99.93	99.64	100	99.72	99.72	99.74	99.88	99.8	87.71	87.92
Fischerella_thermalis_WC527	97.95	94.71	94.85	88.32	97.87	87.72	87.74	87.53	83.17	99.7	99.72	98.79	98.04	98.02	97.05	97.7	99.71	97.69	99.15	99.54	97.42	99.45	97.95	99.34	99.72	99.98	99.8	99.8	99.79	99.71	99.82	99.82	99.8	99.77	99.9	99.75	99.89	99.72	100	99.98	99.74	99.74	99.78	87.74	87.92
Fischerella_thermalis_WC538	97.92	94.74	94.89	88.29	97.84	87.68	87.71	87.49	83.15	99.69	99.72	98.79	98.04	98.01	97.01	97.7	99.71	97.66	99.14	99.56	97.43	99.43	97.92	99.68	99.73	99.98	99.8	99.81	99.79	99.7	99.83	99.82	99.8	99.78	99.9	99.75	99.89	99.72	99.98	100	99.76	99.74	99.78	87.72	87.89
Fischerella_thermalis_WC542	97.94	94.56	94.67	88.35	97.85	87.75	87.71	87.83	83.36	99.7	99.67	98.72	97.73	97.95	97.14	97.81	99.68	97.63	99.33	99.52	97.47	99.28	97.84	99.68	99.69	99.75	99.71	99.72	99.71	99.76	99.74	99.72	99.72	99.79	99.73	99.84	99.62	99.74	99.74	99.76	100	99.83	99.95	87.76	87.88
Fischerella_thermalis_WC558	97.94	94.7	94.83	88.41	97.88	87.69	87.66	87.74	83.36	99.7	99.71	98.81	98.01	98.06	97.21	97.85	99.68	97.68	99.31	99.52	97.54	99.37	97.91	99.65	99.65	99.75	99.76	99.76	99.76	99.85	99.76	99.74	99.78	99.81	99.72	99.98	99.71	99.88	99.74	99.74	99.83	100	99.87	87.74	87.9
Fischerella_thermalis_WC559	97.99	94.67	94.82	88.55	97.9	87.93	87.82	87.96	83.55	99.7	99.72	98.84	97.96	98.07	97.2	97.92	99.71	97.68	99.34	99.55	97.58	99.38	97.98	99.7	99.72	99.78	99.76	99.77	99.76	99.86	99.8	99.79	99.77	99.84	99.77	99.87	99.72	99.8	99.78	99.78	99.95	99.87	100	87.93	88
Hapalosiphon_sp_MRB220	87.29	87.6	87.52	92.16	87.5	91.58	91.07	97.24	80.79	87.53	87.67	87.7	88.18	87.87	87.28	86.98	87.52	87.34	86.86	87.68	87.18	88.18	87.42	87.48	87.49	87.75	87.65	87.65	87.61	87.66	87.64	87.58	87.63	87.71	87.64	87.75	87.62	87.71	87.74	87.72	87.76	87.74	87.93	100	91.33
Mastigocladus_laminosus_UU774	87.56	87.79	87.72	92.82	87.55	91.21	98.35	91.5	81.2	87.7	87.94	87.9	88.31	87.99	87.45	87.49	87.91	87.64	87.61	87.85	87.36	88.39	87.65	87.68	87.83	87.92	87.92	87.82	87.87	87.9	87.91	87.89	87.96	87.96	87.89	87.81	87.8	87.92	87.92	87.89	87.88	87.9	88	91.33	100
