Id	Fischerella_major_NIES_592	Fischerella_musicola_CCMEE5323	Fischerella_musicola_PCC7414	Fischerella_musicola_SAG1427_1_PCC73103	Fischerella_sp_NIES_3754	Fischerella_sp_NIES_4106	Fischerella_sp_PCC9339	Fischerella_sp_PCC9431	Fischerella_sp_PCC9605	Fischerella_thermalis_111_344_542	Fischerella_thermalis_BR2B	Fischerella_thermalis_CCMEE5194	Fischerella_thermalis_CCMEE5196	Fischerella_thermalis_CCMEE5198	Fischerella_thermalis_CCMEE5201	Fischerella_thermalis_CCMEE5205	Fischerella_thermalis_CCMEE5208	Fischerella_thermalis_CCMEE5268	Fischerella_thermalis_CCMEE5273	Fischerella_thermalis_CCMEE5282	Fischerella_thermalis_CCMEE5318	Fischerella_thermalis_CCMEE5328	Fischerella_thermalis_CCMEE5330	Fischerella_thermalis_JSC_11	Fischerella_thermalis_PCC7521	Fischerella_thermalis_WC1110	Fischerella_thermalis_WC114	Fischerella_thermalis_WC119	Fischerella_thermalis_WC157	Fischerella_thermalis_WC213	Fischerella_thermalis_WC245	Fischerella_thermalis_WC246	Fischerella_thermalis_WC249	Fischerella_thermalis_WC341	Fischerella_thermalis_WC344	Fischerella_thermalis_WC439	Fischerella_thermalis_WC441	Fischerella_thermalis_WC442	Fischerella_thermalis_WC527	Fischerella_thermalis_WC538	Fischerella_thermalis_WC542	Fischerella_thermalis_WC558	Fischerella_thermalis_WC559	Hapalosiphon_sp_MRB220	Mastigocladus_laminosus_UU774
Fischerella_major_NIES_592	1	0.9953442362	0.9949526246	0.990871263	0.9996811802	0.9865813687	0.9835240598	0.9865117938	0.9701133319	0.9992845735	0.9982217415	0.999213605	0.9986332103	0.9991143709	0.9986787506	0.9983472444	0.99907237	0.9990168823	0.9981110288	0.9990934841	0.9971557776	0.9988958257	0.995474552	0.9990107734	0.9991963732	0.9990253942	0.9991772367	0.9990486589	0.9990876515	0.9980963159	0.999172671	0.9988486479	0.9992484013	0.9983538885	0.9983277892	0.998684285	0.998815783	0.9988484844	0.9990492153	0.9989913535	0.9992121126	0.9991935467	0.9991784559	0.9864407687	0.9718027459
Fischerella_musicola_CCMEE5323	0.9953442362	1	0.9998053144	0.983419995	0.9952863427	0.978559758	0.9765786049	0.976585192	0.9750300143	0.9938946197	0.9940099328	0.9936016501	0.9935443386	0.9946636091	0.9957902458	0.9936915913	0.9939402412	0.9941353391	0.99350782	0.9930022336	0.9918935331	0.9937160442	0.9909813195	0.9942186245	0.9938375029	0.9940068532	0.9941153313	0.9940500753	0.9940960117	0.9940110164	0.9940330552	0.9941119778	0.9935882772	0.9937847101	0.9938039285	0.9940583541	0.9939720878	0.9940987289	0.9939549237	0.9939158903	0.9935999788	0.9936913693	0.9935931659	0.9761884569	0.9641551451
Fischerella_musicola_PCC7414	0.9949526246	0.9998053144	1	0.9831140413	0.9950221227	0.9780586022	0.9761325173	0.97590406	0.9747817934	0.9935465828	0.9936007999	0.9930252556	0.9929773017	0.9942603924	0.9955669988	0.9936074277	0.9934901537	0.9938604762	0.993379022	0.9924822907	0.9920431005	0.9930299338	0.991138745	0.9937399934	0.9933699744	0.9936131298	0.9937082116	0.993643251	0.9936840224	0.993583013	0.9936001963	0.9936780229	0.9931646192	0.9933498931	0.9933886155	0.9936237331	0.9935702656	0.9936781514	0.9935680913	0.9935097651	0.9931526637	0.9932573797	0.9931239104	0.9758308469	0.9639790285
Fischerella_musicola_SAG1427_1_PCC73103	0.990871263	0.983419995	0.9831140413	1	0.9910618534	0.9968531854	0.9942894423	0.9964802302	0.9562554589	0.9918026617	0.9909263502	0.9913698246	0.9906762157	0.9904796492	0.9906596951	0.9913612792	0.991688341	0.9915500226	0.989727087	0.991662646	0.9909460312	0.9901778222	0.9872029211	0.9907844898	0.9916034059	0.991487439	0.9914702981	0.9914404971	0.9913154989	0.99086847	0.991595458	0.9915042662	0.9914841933	0.991146565	0.9912515858	0.9912225319	0.9913736899	0.9914908578	0.9914045502	0.9914615735	0.9914506141	0.9914134335	0.9915498448	0.9966958826	0.9835985501
Fischerella_sp_NIES_3754	0.9996811802	0.9952863427	0.9950221227	0.9910618534	1	0.9869850831	0.9840460672	0.9865991325	0.9704319234	0.9991364423	0.9985634629	0.9989437912	0.9984085791	0.9988377968	0.9986086407	0.9985024592	0.9991201691	0.9989270534	0.9980038738	0.9988349949	0.9972425433	0.9983816329	0.9952605909	0.9990286105	0.9991583564	0.9991077548	0.9991005192	0.9990764776	0.9990410924	0.9984669411	0.9990628329	0.9989633402	0.998892086	0.9986562687	0.9986795357	0.9988405819	0.9990129514	0.9989783839	0.9991066549	0.9990748112	0.99889132	0.9988589463	0.9988415995	0.9868274552	0.9721323901
Fischerella_sp_NIES_4106	0.9865813687	0.978559758	0.9780586022	0.9968531854	0.9869850831	1	0.9959229117	0.996670791	0.9472149254	0.9880965245	0.988074767	0.9876118224	0.9865671189	0.9866101426	0.9871049572	0.9878821108	0.9884181656	0.9879103598	0.9856766024	0.9877278801	0.9874591487	0.9863393081	0.98215626	0.9875375525	0.988162698	0.9881040788	0.9879747556	0.9880435126	0.9876994394	0.9877666264	0.9880593918	0.9881691564	0.9876311486	0.9879862011	0.9882282527	0.9878530851	0.9880505801	0.9881449633	0.988048477	0.9881177135	0.9875011267	0.9874593965	0.9876906487	0.9965640598	0.9850715445
Fischerella_sp_PCC9339	0.9835240598	0.9765786049	0.9761325173	0.9942894423	0.9840460672	0.9959229117	1	0.9960932209	0.9462172521	0.9847707894	0.9852616957	0.9843623275	0.9830468766	0.9835392404	0.9838785793	0.9844810991	0.9852365048	0.9840466764	0.9821460988	0.9842217976	0.9845991537	0.9830359622	0.9801099144	0.9844043978	0.9848753267	0.9848171646	0.9846281676	0.9847493459	0.9843813584	0.985039871	0.9846641795	0.9849600849	0.9840794438	0.9849068049	0.9850850422	0.9848334351	0.9848949091	0.98510242	0.9847305566	0.9847955298	0.9840551921	0.9840201036	0.984257863	0.9956923403	0.9916161354
Fischerella_sp_PCC9431	0.9865117938	0.976585192	0.97590406	0.9964802302	0.9865991325	0.996670791	0.9960932209	1	0.9457305853	0.9883435253	0.9878910403	0.9882747288	0.9872674337	0.986818088	0.9862029746	0.9876939462	0.9885432073	0.98770589	0.9850079767	0.9884319858	0.9874218446	0.9870790074	0.9814361597	0.9876145139	0.9882583758	0.9881263419	0.9880898181	0.9880913236	0.9878472208	0.9875172608	0.9883087766	0.9881447572	0.9880692003	0.9878515236	0.9879305476	0.9878983186	0.9879834683	0.9881824704	0.9881087486	0.9881906195	0.9880341501	0.988015518	0.9882898029	0.9989531667	0.9856454607
Fischerella_sp_PCC9605	0.9701133319	0.9750300143	0.9747817934	0.9562554589	0.9704319234	0.9472149254	0.9462172521	0.9457305853	1	0.9681638963	0.9677160002	0.9682351971	0.9693786363	0.9687011161	0.9701376825	0.9678279826	0.9676174741	0.9665204158	0.9723439438	0.9676545747	0.9638423751	0.9689841078	0.9633437635	0.9681766946	0.9672801678	0.9683611335	0.9676915079	0.9673924538	0.9680552879	0.9678447712	0.9674672779	0.9680034263	0.9671648143	0.9674647066	0.9680430389	0.9675546292	0.9684755524	0.9678410861	0.9682042136	0.9682794935	0.9669911084	0.9671806987	0.9673256065	0.9439674032	0.9269990342
Fischerella_thermalis_111_344_542	0.9992845735	0.9938946197	0.9935465828	0.9918026617	0.9991364423	0.9880965245	0.9847707894	0.9883435253	0.9681638963	1	0.9988151793	0.9997271877	0.9988826383	0.9991178524	0.9985197509	0.9992516577	0.9996768324	0.9994618936	0.9983756392	0.9997365827	0.9982390403	0.9991702147	0.9951645914	0.9994338732	0.9997452781	0.9997339547	0.9998322823	0.9997413766	0.9997988684	0.998750821	0.9998469772	0.999534126	0.9998943292	0.9990401578	0.9991117499	0.9993636055	0.9995559005	0.9995076715	0.9997757017	0.9997318022	0.9998562958	0.9998405605	0.9998212029	0.9882514769	0.9728696698
Fischerella_thermalis_BR2B	0.9982217415	0.9940099328	0.9936007999	0.9909263502	0.9985634629	0.988074767	0.9852616957	0.9878910403	0.9677160002	0.9988151793	1	0.9986814499	0.9975064678	0.997962646	0.997257382	0.9981601075	0.9996069319	0.9981799363	0.9975215866	0.9987686017	0.996896117	0.9981320307	0.9932180294	0.99946731	0.9993914942	0.9995261194	0.9993952224	0.9995612079	0.9993626157	0.9998620978	0.999359021	0.9997505027	0.9986032375	0.9998677657	0.9998541486	0.9997477639	0.9997012941	0.9997202195	0.9994639128	0.9995212544	0.9986163715	0.9985986872	0.9986067007	0.9875096341	0.9731656675
Fischerella_thermalis_CCMEE5194	0.999213605	0.9936016501	0.9930252556	0.9913698246	0.9989437912	0.9876118224	0.9843623275	0.9882747288	0.9682351971	0.9997271877	0.9986814499	1	0.9990330268	0.9990996324	0.9981744571	0.9989136687	0.9995855322	0.9991706637	0.9982476917	0.9997480506	0.9976563711	0.9994966062	0.9947157499	0.9993667204	0.9996836451	0.9995179248	0.9996506217	0.9995523086	0.9995822608	0.9985698062	0.9997156461	0.9993719658	0.9997801932	0.998859399	0.9988845895	0.9991955348	0.9993546968	0.9993426776	0.9995676818	0.999535484	0.9997563316	0.9997418741	0.9997619037	0.9879480209	0.9723739691
Fischerella_thermalis_CCMEE5196	0.9986332103	0.9935443386	0.9929773017	0.9906762157	0.9984085791	0.9865671189	0.9830468766	0.9872674337	0.9693786363	0.9988826383	0.9975064678	0.9990330268	1	0.9996191815	0.9982205082	0.9980366074	0.998607807	0.9983747403	0.9974519439	0.9987781453	0.996341985	0.9991604798	0.9935450755	0.9982157578	0.9986536691	0.9984622166	0.9986090843	0.9984607771	0.9985793425	0.997350497	0.998706532	0.9981953926	0.9988608768	0.9976066375	0.9976683772	0.9980774976	0.9982384672	0.9982798331	0.9985485479	0.9984750354	0.998881959	0.9989097925	0.9989860368	0.9871580614	0.9703028594
Fischerella_thermalis_CCMEE5198	0.9991143709	0.9946636091	0.9942603924	0.9904796492	0.9988377968	0.9866101426	0.9835392404	0.986818088	0.9687011161	0.9991178524	0.997962646	0.9990996324	0.9996191815	1	0.9988684017	0.9983325642	0.9989114888	0.9987526633	0.9979801642	0.9988810552	0.9969699211	0.999026886	0.9944837315	0.9986129762	0.9989884334	0.9987657473	0.9989627405	0.9988231864	0.9988855138	0.9978205597	0.999017814	0.998571851	0.9990751778	0.9980133408	0.998044304	0.998508242	0.9985461625	0.9986443056	0.9988332634	0.998749936	0.9990711633	0.9991366016	0.9991146361	0.9868090455	0.9714385419
Fischerella_thermalis_CCMEE5201	0.9986787506	0.9957902458	0.9955669988	0.9906596951	0.9986086407	0.9871049572	0.9838785793	0.9862029746	0.9701376825	0.9985197509	0.997257382	0.9981744571	0.9982205082	0.9988684017	1	0.9985069514	0.9981088858	0.9988513502	0.9974282464	0.9978503602	0.9972612012	0.9975625629	0.993979062	0.997882547	0.9982278538	0.9980533298	0.9982765348	0.9981250056	0.9982513445	0.9971047868	0.9982399848	0.9979096051	0.9982550853	0.997340816	0.9973466845	0.9977650467	0.9978804975	0.9978942291	0.9981188977	0.9980280152	0.9981926895	0.9982707716	0.9981855357	0.9862842783	0.9704563081
Fischerella_thermalis_CCMEE5205	0.9983472444	0.9936915913	0.9936074277	0.9913612792	0.9985024592	0.9878821108	0.9844810991	0.9876939462	0.9678279826	0.9992516577	0.9981601075	0.9989136687	0.9980366074	0.9983325642	0.9985069514	1	0.9988620729	0.9993760723	0.9978771343	0.9988080206	0.9990152147	0.9980705511	0.9944351999	0.9986188287	0.998984325	0.9990097514	0.9990434255	0.9989881832	0.9990191865	0.9981423554	0.9990419777	0.9988536778	0.9989862051	0.9983257525	0.9984723632	0.9986937546	0.9988792476	0.9988232691	0.9990605906	0.9990188254	0.9989878968	0.9989970943	0.9989527519	0.9877362045	0.9715754841
Fischerella_thermalis_CCMEE5208	0.99907237	0.9939402412	0.9934901537	0.991688341	0.9991201691	0.9884181656	0.9852365048	0.9885432073	0.9676174741	0.9996768324	0.9996069319	0.9995855322	0.998607807	0.9989114888	0.9981088858	0.9988620729	1	0.9991209697	0.998276098	0.9996552954	0.9977263756	0.9991012818	0.99456752	0.9997818427	0.9999185354	0.9998892912	0.999908664	0.9999310166	0.9998550654	0.9995139361	0.999901869	0.9998967862	0.999591731	0.9996797368	0.9996943476	0.9998052762	0.9998568044	0.9998681804	0.9998825189	0.999893477	0.9995825541	0.9995478554	0.9995561649	0.9883290454	0.9734510921
Fischerella_thermalis_CCMEE5268	0.9990168823	0.9941353391	0.9938604762	0.9915500226	0.9989270534	0.9879103598	0.9840466764	0.98770589	0.9665204158	0.9994618936	0.9981799363	0.9991706637	0.9983747403	0.9987526633	0.9988513502	0.9993760723	0.9991209697	1	0.9980015483	0.9991779842	0.9982778825	0.9984332099	0.9948227299	0.9989584416	0.9992502687	0.9991584474	0.9993108127	0.9991973176	0.9992163879	0.9981107214	0.9992906328	0.9989712866	0.9993425443	0.9984050895	0.9984857903	0.9987939877	0.9989236062	0.9989354006	0.9991862389	0.9991353852	0.999332145	0.9993243569	0.999291345	0.9879482933	0.9716212193
Fischerella_thermalis_CCMEE5273	0.9981110288	0.99350782	0.993379022	0.989727087	0.9980038738	0.9856766024	0.9821460988	0.9850079767	0.9723439438	0.9983756392	0.9975215866	0.9982476917	0.9974519439	0.9979801642	0.9974282464	0.9978771343	0.998276098	0.9980015483	1	0.9982650139	0.9967054106	0.9979587675	0.9945617971	0.9981117652	0.998232347	0.9982683265	0.9983198803	0.9982290151	0.9982872385	0.9975016115	0.9982953113	0.9980967786	0.9982361782	0.9976957997	0.9977096758	0.9980314766	0.9981283978	0.9981738854	0.9983107033	0.9982587382	0.998292677	0.998334523	0.9983134353	0.9851470936	0.9704607611
Fischerella_thermalis_CCMEE5282	0.9990934841	0.9930022336	0.9924822907	0.991662646	0.9988349949	0.9877278801	0.9842217976	0.9884319858	0.9676545747	0.9997365827	0.9987686017	0.9997480506	0.9987781453	0.9988810552	0.9978503602	0.9988080206	0.9996552954	0.9991779842	0.9982650139	1	0.9976690223	0.9993376484	0.9946595294	0.9994639994	0.9997497976	0.9995829421	0.999725277	0.9996329544	0.9996855115	0.9986071868	0.9997407736	0.9994458505	0.999811689	0.9989481641	0.9989693926	0.9992171073	0.9994294066	0.9993635453	0.9996312351	0.9995981213	0.9997606031	0.9997031092	0.9996927958	0.9880273719	0.9724085647
Fischerella_thermalis_CCMEE5318	0.9971557776	0.9918935331	0.9920431005	0.9909460312	0.9972425433	0.9874591487	0.9845991537	0.9874218446	0.9638423751	0.9982390403	0.996896117	0.9976563711	0.996341985	0.9969699211	0.9972612012	0.9990152147	0.9977263756	0.9982778825	0.9967054106	0.9976690223	1	0.9964586649	0.9961111117	0.9973837761	0.997784148	0.997902985	0.997963111	0.9978925682	0.9979634229	0.9969549471	0.9979458958	0.9976871592	0.9979538282	0.9971261831	0.9972985759	0.9975935385	0.9977015058	0.9977153347	0.997959796	0.9979049062	0.99791556	0.9979525906	0.9978309464	0.9878187779	0.9747188483
Fischerella_thermalis_CCMEE5328	0.9988958257	0.9937160442	0.9930299338	0.9901778222	0.9983816329	0.9863393081	0.9830359622	0.9870790074	0.9689841078	0.9991702147	0.9981320307	0.9994966062	0.9991604798	0.999026886	0.9975625629	0.9980705511	0.9991012818	0.9984332099	0.9979587675	0.9993376484	0.9964586649	1	0.993763697	0.9988977954	0.9991953984	0.9989634481	0.9991613314	0.9990282043	0.9991068285	0.9980194267	0.9992318944	0.9988398076	0.9993959669	0.9982753071	0.9982255837	0.9986488096	0.9987712402	0.99883008	0.9990405336	0.9989750771	0.9993994113	0.999329315	0.999395987	0.9862964142	0.9707891793
Fischerella_thermalis_CCMEE5330	0.995474552	0.9909813195	0.991138745	0.9872029211	0.9952605909	0.98215626	0.9801099144	0.9814361597	0.9633437635	0.9951645914	0.9932180294	0.9947157499	0.9935450755	0.9944837315	0.993979062	0.9944351999	0.99456752	0.9948227299	0.9945617971	0.9946595294	0.9961111117	0.993763697	1	0.9941896716	0.9946142167	0.9943909022	0.9946608583	0.9945340655	0.9944451813	0.9931885193	0.9947203522	0.9940953448	0.9949822279	0.993352064	0.9935733833	0.9940348628	0.9940462713	0.9942528186	0.9944104241	0.9943451561	0.9949534288	0.9950329316	0.9948848993	0.982889367	0.9777384113
Fischerella_thermalis_JSC_11	0.9990107734	0.9942186245	0.9937399934	0.9907844898	0.9990286105	0.9875375525	0.9844043978	0.9876145139	0.9681766946	0.9994338732	0.99946731	0.9993667204	0.9982157578	0.9986129762	0.997882547	0.9986188287	0.9997818427	0.9989584416	0.9981117652	0.9994639994	0.9973837761	0.9988977954	0.9941896716	1	0.9997573046	0.9997520641	0.9997322671	0.9997615133	0.9997016484	0.9993696767	0.9996933263	0.9997355936	0.9993540427	0.9995543658	0.9995411969	0.9996324884	0.999723458	0.9996736634	0.999725586	0.9997445099	0.9993479873	0.9992959255	0.9992837931	0.987240806	0.9723534181
Fischerella_thermalis_PCC7521	0.9991963732	0.9938375029	0.9933699744	0.9916034059	0.9991583564	0.988162698	0.9848753267	0.9882583758	0.9672801678	0.9997452781	0.9993914942	0.9996836451	0.9986536691	0.9989884334	0.9982278538	0.998984325	0.9999185354	0.9992502687	0.998232347	0.9997497976	0.997784148	0.9991953984	0.9946142167	0.9997573046	1	0.9998176659	0.9999092645	0.9999010319	0.9998607203	0.9992673652	0.9999009372	0.9998200053	0.9997136375	0.9994874313	0.9994942566	0.9996418663	0.9997772355	0.9997321512	0.9998359853	0.9998246463	0.9996611625	0.9996055478	0.9995897889	0.9880235925	0.9728668407
Fischerella_thermalis_WC1110	0.9990253942	0.9940068532	0.9936131298	0.991487439	0.9991077548	0.9881040788	0.9848171646	0.9881263419	0.9683611335	0.9997339547	0.9995261194	0.9995179248	0.9984622166	0.9987657473	0.9980533298	0.9990097514	0.9998892912	0.9991584474	0.9982683265	0.9995829421	0.997902985	0.9989634481	0.9943909022	0.9997520641	0.9998176659	1	0.9999168731	0.9999339033	0.9998978081	0.9995213874	0.9998897509	0.9999031985	0.999604433	0.9997095652	0.9997542255	0.999840448	0.9999405322	0.999887607	0.9999860678	0.9999897353	0.9996091821	0.9995925585	0.999565779	0.9878589547	0.9726021852
Fischerella_thermalis_WC114	0.9991772367	0.9941153313	0.9937082116	0.9914702981	0.9991005192	0.9879747556	0.9846281676	0.9880898181	0.9676915079	0.9998322823	0.9993952224	0.9996506217	0.9986090843	0.9989627405	0.9982765348	0.9990434255	0.999908664	0.9993108127	0.9983198803	0.999725277	0.997963111	0.9991613314	0.9946608583	0.9997322671	0.9999092645	0.9999168731	1	0.99996821	0.9999599337	0.9993169959	0.9999709285	0.9998705591	0.9997964637	0.9995445323	0.9995677949	0.9997299295	0.9998481474	0.9998071032	0.9999293086	0.9999168802	0.9997488477	0.9997175634	0.9996964813	0.9878042984	0.9726441101
Fischerella_thermalis_WC119	0.9990486589	0.9940500753	0.993643251	0.9914404971	0.9990764776	0.9880435126	0.9847493459	0.9880913236	0.9673924538	0.9997413766	0.9995612079	0.9995523086	0.9984607771	0.9988231864	0.9981250056	0.9989881832	0.9999310166	0.9991973176	0.9982290151	0.9996329544	0.9978925682	0.9990282043	0.9945340655	0.9997615133	0.9999010319	0.9999339033	0.99996821	1	0.9999244662	0.9995079563	0.9999505736	0.9999394397	0.9996623875	0.9996944153	0.999714712	0.999827376	0.9999135413	0.9998754636	0.9999314003	0.9999356019	0.9996253908	0.999593143	0.9995689833	0.9878796213	0.9729099246
Fischerella_thermalis_WC157	0.9990876515	0.9940960117	0.9936840224	0.9913154989	0.9990410924	0.9876994394	0.9843813584	0.9878472208	0.9680552879	0.9997988684	0.9993626157	0.9995822608	0.9985793425	0.9988855138	0.9982513445	0.9990191865	0.9998550654	0.9992163879	0.9982872385	0.9996855115	0.9979634229	0.9991068285	0.9944451813	0.9997016484	0.9998607203	0.9998978081	0.9999599337	0.9999244662	1	0.9993016797	0.9999214349	0.9998387671	0.9997414109	0.999542431	0.9995536146	0.9997086633	0.9998435191	0.9997784276	0.9999182051	0.9999034488	0.9997035275	0.9996685689	0.999644133	0.9875243699	0.9720634887
Fischerella_thermalis_WC213	0.9980963159	0.9940110164	0.993583013	0.99086847	0.9984669411	0.9877666264	0.985039871	0.9875172608	0.9678447712	0.998750821	0.9998620978	0.9985698062	0.997350497	0.9978205597	0.9971047868	0.9981423554	0.9995139361	0.9981107214	0.9975016115	0.9986071868	0.9969549471	0.9980194267	0.9931885193	0.9993696767	0.9992673652	0.9995213874	0.9993169959	0.9995079563	0.9993016797	1	0.9993008285	0.9997261735	0.9985017216	0.9999031256	0.9998877692	0.9998268904	0.9996657899	0.9997830725	0.9994254523	0.9994953603	0.9985937234	0.9985923089	0.9985994116	0.9873126108	0.9730450234
Fischerella_thermalis_WC245	0.999172671	0.9940330552	0.9936001963	0.991595458	0.9990628329	0.9880593918	0.9846641795	0.9883087766	0.9674672779	0.9998469772	0.999359021	0.9997156461	0.998706532	0.999017814	0.9982399848	0.9990419777	0.999901869	0.9992906328	0.9982953113	0.9997407736	0.9979458958	0.9992318944	0.9947203522	0.9996933263	0.9999009372	0.9998897509	0.9999709285	0.9999505736	0.9999214349	0.9993008285	1	0.9998543263	0.9998190834	0.9995114014	0.9995390906	0.9997288697	0.9998047112	0.9998029844	0.9998998016	0.9998924701	0.9997860684	0.9997729304	0.9997626938	0.9880295656	0.9728621262
Fischerella_thermalis_WC246	0.9988486479	0.9941119778	0.9936780229	0.9915042662	0.9989633402	0.9881691564	0.9849600849	0.9881447572	0.9680034263	0.999534126	0.9997505027	0.9993719658	0.9981953926	0.998571851	0.9979096051	0.9988536778	0.9998967862	0.9989712866	0.9980967786	0.9994458505	0.9976871592	0.9988398076	0.9940953448	0.9997355936	0.9998200053	0.9999031985	0.9998705591	0.9999394397	0.9998387671	0.9997261735	0.9998543263	1	0.9994168917	0.9998496143	0.9998626103	0.9998963791	0.9999431119	0.9999182528	0.9998758532	0.9999031091	0.9994014062	0.9993713213	0.9993661528	0.9878082993	0.9728006018
Fischerella_thermalis_WC249	0.9992484013	0.9935882772	0.9931646192	0.9914841933	0.998892086	0.9876311486	0.9840794438	0.9880692003	0.9671648143	0.9998943292	0.9986032375	0.9997801932	0.9988608768	0.9990751778	0.9982550853	0.9989862051	0.999591731	0.9993425443	0.9982361782	0.999811689	0.9979538282	0.9993959669	0.9949822279	0.9993540427	0.9997136375	0.999604433	0.9997964637	0.9996623875	0.9997414109	0.9985017216	0.9998190834	0.9994168917	1	0.9988453214	0.998862733	0.9992072583	0.999390352	0.9993580372	0.9996655493	0.9996060638	0.9999325262	0.9999038577	0.9998722178	0.9877539329	0.9723475474
Fischerella_thermalis_WC341	0.9983538885	0.9937847101	0.9933498931	0.991146565	0.9986562687	0.9879862011	0.9849068049	0.9878515236	0.9674647066	0.9990401578	0.9998677657	0.998859399	0.9976066375	0.9980133408	0.997340816	0.9983257525	0.9996797368	0.9984050895	0.9976957997	0.9989481641	0.9971261831	0.9982753071	0.993352064	0.9995543658	0.9994874313	0.9997095652	0.9995445323	0.9996944153	0.999542431	0.9999031256	0.9995114014	0.9998496143	0.9988453214	1	0.9999206834	0.9998958373	0.9998194631	0.9998573036	0.9996444725	0.9997014277	0.9989002478	0.9988815221	0.9988788847	0.9875694588	0.9726699601
Fischerella_thermalis_WC344	0.9983277892	0.9938039285	0.9933886155	0.9912515858	0.9986795357	0.9882282527	0.9850850422	0.9879305476	0.9680430389	0.9991117499	0.9998541486	0.9988845895	0.9976683772	0.998044304	0.9973466845	0.9984723632	0.9996943476	0.9984857903	0.9977096758	0.9989693926	0.9972985759	0.9982255837	0.9935733833	0.9995411969	0.9994942566	0.9997542255	0.9995677949	0.999714712	0.9995536146	0.9998877692	0.9995390906	0.9998626103	0.998862733	0.9999206834	1	0.9998609038	0.9998708648	0.9998367143	0.9996850901	0.9997486585	0.9988722401	0.9988596064	0.9988632679	0.9876878601	0.9729269996
Fischerella_thermalis_WC439	0.998684285	0.9940583541	0.9936237331	0.9912225319	0.9988405819	0.9878530851	0.9848334351	0.9878983186	0.9675546292	0.9993636055	0.9997477639	0.9991955348	0.9980774976	0.998508242	0.9977650467	0.9986937546	0.9998052762	0.9987939877	0.9980314766	0.9992171073	0.9975935385	0.9986488096	0.9940348628	0.9996324884	0.9996418663	0.999840448	0.9997299295	0.999827376	0.9997086633	0.9998268904	0.9997288697	0.9998963791	0.9992072583	0.9998958373	0.9998609038	1	0.9998526794	0.9999611591	0.9997884512	0.9998232414	0.9993033251	0.9993205876	0.9992891011	0.9877101879	0.9729401103
Fischerella_thermalis_WC441	0.998815783	0.9939720878	0.9935702656	0.9913736899	0.9990129514	0.9880505801	0.9848949091	0.9879834683	0.9684755524	0.9995559005	0.9997012941	0.9993546968	0.9982384672	0.9985461625	0.9978804975	0.9988792476	0.9998568044	0.9989236062	0.9981283978	0.9994294066	0.9977015058	0.9987712402	0.9940462713	0.999723458	0.9997772355	0.9999405322	0.9998481474	0.9999135413	0.9998435191	0.9996657899	0.9998047112	0.9999431119	0.999390352	0.9998194631	0.9998708648	0.9998526794	1	0.99988088	0.9999265729	0.9999456856	0.9993690087	0.9993344583	0.9993122697	0.9876889286	0.9725869932
Fischerella_thermalis_WC442	0.9988484844	0.9940987289	0.9936781514	0.9914908578	0.9989783839	0.9881449633	0.98510242	0.9881824704	0.9678410861	0.9995076715	0.9997202195	0.9993426776	0.9982798331	0.9986443056	0.9978942291	0.9988232691	0.9998681804	0.9989354006	0.9981738854	0.9993635453	0.9977153347	0.99883008	0.9942528186	0.9996736634	0.9997321512	0.999887607	0.9998071032	0.9998754636	0.9997784276	0.9997830725	0.9998029844	0.9999182528	0.9993580372	0.9998573036	0.9998367143	0.9999611591	0.99988088	1	0.9998456963	0.9998698827	0.9994399427	0.999436683	0.9994412188	0.9879880341	0.9732108545
Fischerella_thermalis_WC527	0.9990492153	0.9939549237	0.9935680913	0.9914045502	0.9991066549	0.988048477	0.9847305566	0.9881087486	0.9682042136	0.9997757017	0.9994639128	0.9995676818	0.9985485479	0.9988332634	0.9981188977	0.9990605906	0.9998825189	0.9991862389	0.9983107033	0.9996312351	0.997959796	0.9990405336	0.9944104241	0.999725586	0.9998359853	0.9999860678	0.9999293086	0.9999314003	0.9999182051	0.9994254523	0.9998998016	0.9998758532	0.9996655493	0.9996444725	0.9996850901	0.9997884512	0.9999265729	0.9998456963	1	0.9999899408	0.999659335	0.9996354824	0.9996025043	0.9878214219	0.9725276874
Fischerella_thermalis_WC538	0.9989913535	0.9939158903	0.9935097651	0.9914615735	0.9990748112	0.9881177135	0.9847955298	0.9881906195	0.9682794935	0.9997318022	0.9995212544	0.999535484	0.9984750354	0.998749936	0.9980280152	0.9990188254	0.999893477	0.9991353852	0.9982587382	0.9995981213	0.9979049062	0.9989750771	0.9943451561	0.9997445099	0.9998246463	0.9999897353	0.9999168802	0.9999356019	0.9999034488	0.9994953603	0.9998924701	0.9999031091	0.9996060638	0.9997014277	0.9997486585	0.9998232414	0.9999456856	0.9998698827	0.9999899408	1	0.9996035292	0.999578883	0.9995609045	0.9878922983	0.9725507378
Fischerella_thermalis_WC542	0.9992121126	0.9935999788	0.9931526637	0.9914506141	0.99889132	0.9875011267	0.9840551921	0.9880341501	0.9669911084	0.9998562958	0.9986163715	0.9997563316	0.998881959	0.9990711633	0.9981926895	0.9989878968	0.9995825541	0.999332145	0.998292677	0.9997606031	0.99791556	0.9993994113	0.9949534288	0.9993479873	0.9996611625	0.9996091821	0.9997488477	0.9996253908	0.9997035275	0.9985937234	0.9997860684	0.9994014062	0.9999325262	0.9989002478	0.9988722401	0.9993033251	0.9993690087	0.9994399427	0.999659335	0.9996035292	1	0.9999652729	0.999955187	0.9878050886	0.9723899511
Fischerella_thermalis_WC558	0.9991935467	0.9936913693	0.9932573797	0.9914134335	0.9988589463	0.9874593965	0.9840201036	0.988015518	0.9671806987	0.9998405605	0.9985986872	0.9997418741	0.9989097925	0.9991366016	0.9982707716	0.9989970943	0.9995478554	0.9993243569	0.998334523	0.9997031092	0.9979525906	0.999329315	0.9950329316	0.9992959255	0.9996055478	0.9995925585	0.9997175634	0.999593143	0.9996685689	0.9985923089	0.9997729304	0.9993713213	0.9999038577	0.9988815221	0.9988596064	0.9993205876	0.9993344583	0.999436683	0.9996354824	0.999578883	0.9999652729	1	0.9999409522	0.9877966753	0.9724185289
Fischerella_thermalis_WC559	0.9991784559	0.9935931659	0.9931239104	0.9915498448	0.9988415995	0.9876906487	0.984257863	0.9882898029	0.9673256065	0.9998212029	0.9986067007	0.9997619037	0.9989860368	0.9991146361	0.9981855357	0.9989527519	0.9995561649	0.999291345	0.9983134353	0.9996927958	0.9978309464	0.999395987	0.9948848993	0.9992837931	0.9995897889	0.999565779	0.9996964813	0.9995689833	0.999644133	0.9985994116	0.9997626938	0.9993661528	0.9998722178	0.9988788847	0.9988632679	0.9992891011	0.9993122697	0.9994412188	0.9996025043	0.9995609045	0.999955187	0.9999409522	1	0.9880255461	0.9724470707
Hapalosiphon_sp_MRB220	0.9864407687	0.9761884569	0.9758308469	0.9966958826	0.9868274552	0.9965640598	0.9956923403	0.9989531667	0.9439674032	0.9882514769	0.9875096341	0.9879480209	0.9871580614	0.9868090455	0.9862842783	0.9877362045	0.9883290454	0.9879482933	0.9851470936	0.9880273719	0.9878187779	0.9862964142	0.982889367	0.987240806	0.9880235925	0.9878589547	0.9878042984	0.9878796213	0.9875243699	0.9873126108	0.9880295656	0.9878082993	0.9877539329	0.9875694588	0.9876878601	0.9877101879	0.9876889286	0.9879880341	0.9878214219	0.9878922983	0.9878050886	0.9877966753	0.9880255461	1	0.9869839248
Mastigocladus_laminosus_UU774	0.9718027459	0.9641551451	0.9639790285	0.9835985501	0.9721323901	0.9850715445	0.9916161354	0.9856454607	0.9269990342	0.9728696698	0.9731656675	0.9723739691	0.9703028594	0.9714385419	0.9704563081	0.9715754841	0.9734510921	0.9716212193	0.9704607611	0.9724085647	0.9747188483	0.9707891793	0.9777384113	0.9723534181	0.9728668407	0.9726021852	0.9726441101	0.9729099246	0.9720634887	0.9730450234	0.9728621262	0.9728006018	0.9723475474	0.9726699601	0.9729269996	0.9729401103	0.9725869932	0.9732108545	0.9725276874	0.9725507378	0.9723899511	0.9724185289	0.9724470707	0.9869839248	1
